1234567890123456789012345678901234567890123456789012345678901234
1234567890123456789012345678901234567890123456789012345678901234
1234567890123456789012345678901234567890123456789012345678901234
1234567890123456789012345678901234567890123456789012345678901234
1234567890123456789012345678901234567890123456789012345678901234
hol
awfjnasf
12345678901234567890123456789012345678901234567890123456789
1234567890123456789012345678901234567890123456789012345678901234
1234567890123456789012345678901234567890123456789012345678901234
1234567890123456789012345678901234567890123456789012345678901234
1234567890123456789012345678901234567890123456789012345678901234
1234567890123456789012345678901234567890123456789012345678901234
1234567890123456789012345678901234567890123456789012345678901234
1234567890123456789012345678901234567890123456789012345678901234
1234567890123456789012345678901234567890123456789012345678901234

